list of initial bad blocks :

bank 0(A0) L: 210 of 4152 (5.06%)
4 5 6 7 8 9 10 11 12 13 14 15 16 17 18 19 20 21 22 23 24 25 26 27 28 29 30 31 32 33 34 35 36 37 38 39 40 41 42 43 44 45 46 47 48 49 50 51 52 53 54 55 56 57 58 59 60 61 62 63 66 67 68 69 70 71 72 73 74 75 76 77 78 79 81 86 88 94 95 100 101 102 103 104 106 108 109 110 112 116 117 118 121 124 125 126 128 129 132 135 136 137 138 139 140 142 143 144 145 146 147 148 149 150 151 152 153 154 155 156 157 158 159 160 161 162 163 164 165 166 167 168 169 170 172 173 174 175 176 178 179 180 181 182 183 184 185 186 187 188 189 190 191 192 193 194 196 198 199 200 201 202 204 206 207 208 209 210 211 212 213 214 215 216 217 218 219 220 222 223 224 226 227 228 230 232 234 235 236 238 239 240 241 242 244 246 248 250 251 252 254 256 257 258 259 425 2252 2666 4146 4147 
bank 0(A0) H: 216 of 4152 (5.20%)
4 5 6 7 8 9 10 11 12 13 14 15 16 17 18 19 20 21 22 23 24 25 26 27 28 29 30 31 32 33 34 35 36 37 38 39 40 41 42 43 44 45 46 47 48 49 50 51 52 53 54 55 56 57 58 59 60 61 62 63 66 67 68 69 70 71 72 73 74 75 76 77 78 79 81 86 88 94 95 100 101 102 103 104 106 108 109 110 112 116 117 118 121 124 125 126 128 129 132 135 136 137 138 139 142 143 144 145 146 147 148 149 150 151 152 153 154 155 156 157 158 159 160 161 162 163 164 165 166 167 168 169 170 172 173 174 175 176 178 179 180 181 182 183 184 185 186 187 188 189 190 191 192 193 194 196 198 199 200 201 202 204 206 207 208 209 210 211 212 213 214 215 216 217 218 219 220 222 223 224 226 227 228 230 232 234 235 236 238 239 240 241 242 244 246 248 250 251 252 254 256 257 258 259 315 395 397 673 1014 1222 1695 2032 3515 4016 4146 4147 
bank 1(B0) L: 229 of 4152 (5.52%)
4 5 6 7 8 9 10 11 12 13 14 15 16 17 18 19 20 21 22 23 24 25 26 27 28 29 30 31 32 33 34 35 37 38 39 40 41 42 43 44 45 46 47 48 49 50 51 52 53 54 55 56 57 58 59 60 61 62 63 64 65 68 69 70 71 72 73 74 75 76 77 78 79 80 81 83 84 85 86 91 92 93 96 97 98 99 101 103 105 107 108 110 111 112 113 114 115 118 119 121 122 124 125 126 128 129 130 132 134 136 137 138 139 140 142 143 144 145 146 147 148 149 150 151 152 153 154 155 156 158 159 160 161 162 163 164 165 166 167 168 169 170 171 172 173 174 175 176 177 178 179 180 181 182 183 184 185 186 187 188 189 190 191 192 193 194 195 196 197 198 199 200 201 202 203 204 205 206 207 208 209 210 211 212 213 214 215 216 217 218 219 220 222 224 225 226 228 229 230 231 232 234 236 238 240 241 242 244 245 246 247 248 249 250 252 253 254 255 256 257 557 2141 2291 2443 2779 2917 3886 4146 4147 
bank 1(B0) H: 229 of 4152 (5.52%)
4 5 6 7 8 9 10 11 12 13 14 15 16 17 18 19 20 21 22 23 24 25 26 27 28 29 30 31 32 33 34 35 38 39 40 41 42 43 44 45 46 47 48 49 50 51 52 53 54 55 56 57 58 59 60 61 62 63 64 65 68 69 70 71 72 73 74 75 76 77 78 79 80 81 83 84 85 86 91 92 93 96 97 98 99 101 103 105 107 108 110 111 112 113 114 115 118 119 121 122 124 125 126 128 129 130 132 134 136 137 138 139 140 142 143 144 145 146 147 148 149 150 151 152 153 154 155 156 158 159 160 161 162 163 164 165 166 167 168 169 170 171 172 173 174 175 176 177 178 179 180 181 182 183 184 185 186 187 188 189 190 191 192 193 194 195 196 197 198 199 200 201 202 203 204 205 206 207 208 209 210 211 212 213 214 215 216 217 218 219 220 222 224 225 226 228 229 230 231 232 234 236 238 240 241 242 244 245 246 247 248 249 250 252 253 254 255 256 257 1015 1017 1277 1751 2076 2706 2995 3827 4146 4147 
bank 4(A1) L: 217 of 4152 (5.23%)
4 5 6 7 8 10 11 13 14 15 16 17 18 19 20 21 22 23 24 25 26 27 28 29 30 31 32 33 34 35 36 37 38 39 40 41 42 43 44 45 46 47 48 49 50 51 52 53 54 55 56 57 58 59 60 61 62 63 64 65 66 67 70 71 72 73 74 75 76 77 78 79 80 81 82 83 84 86 87 88 90 93 95 99 100 102 106 109 110 112 114 115 118 119 120 121 122 123 124 125 127 128 130 131 132 136 137 139 140 142 145 146 147 148 149 150 151 152 156 157 158 160 162 163 164 165 166 167 168 169 170 171 172 173 174 175 176 177 178 179 180 181 182 183 184 185 186 187 188 189 190 191 192 193 194 195 196 197 198 199 200 201 202 204 205 206 207 208 209 210 211 212 213 214 215 216 217 218 219 220 222 224 225 226 228 229 230 232 234 236 238 239 240 242 243 244 245 246 248 250 252 253 254 255 256 258 259 1209 1562 1589 2022 2732 3292 3378 4046 4146 4147 
bank 4(A1) H: 213 of 4152 (5.13%)
4 5 6 7 10 11 14 15 16 17 18 19 20 21 22 23 24 25 26 27 28 29 30 31 32 33 34 35 36 37 38 39 40 41 42 43 44 45 46 47 48 49 50 51 52 53 54 55 56 57 58 59 60 61 62 63 64 65 66 67 70 71 72 73 74 75 76 77 78 79 80 81 82 83 84 86 87 88 93 95 99 100 102 106 109 110 112 114 115 118 119 120 121 122 123 124 125 127 128 130 131 132 136 137 139 140 142 145 146 147 148 149 150 151 152 156 157 158 160 162 163 164 165 166 167 168 169 170 171 172 173 174 175 176 177 178 179 180 181 182 183 184 185 186 187 188 189 190 191 192 193 194 195 196 197 198 199 200 201 202 204 205 206 207 208 209 210 211 212 213 214 215 216 217 218 219 220 222 224 225 226 228 229 230 232 234 236 238 239 240 242 243 244 245 246 248 250 252 253 254 255 256 258 259 801 824 2013 2711 2931 3035 3037 4146 4147 
bank 5(B1) L: 220 of 4152 (5.30%)
4 5 6 7 8 9 10 11 12 13 14 15 16 18 19 20 21 22 23 24 25 26 27 28 29 30 31 32 33 34 35 36 37 38 39 40 41 42 43 44 45 46 47 48 49 50 51 52 53 54 55 56 57 58 59 60 61 62 63 64 65 68 69 70 71 72 73 74 75 76 77 78 79 80 81 82 86 87 88 89 91 92 94 97 99 101 102 104 105 106 107 108 109 110 111 112 113 114 115 116 117 119 121 122 123 124 125 126 127 128 129 130 131 132 133 134 135 139 142 144 145 148 149 150 151 152 153 154 155 156 157 158 159 160 161 162 163 164 165 166 167 168 169 170 171 172 173 174 175 176 177 178 179 180 181 182 183 185 186 187 188 189 190 191 192 193 194 195 196 197 198 199 200 201 202 203 204 205 206 207 208 209 210 211 212 214 216 217 218 220 221 222 223 224 225 226 228 229 230 231 232 233 234 236 237 238 239 240 242 244 246 247 248 249 769 2063 2902 4008 4146 4147 
bank 5(B1) H: 222 of 4152 (5.35%)
4 5 6 7 8 9 10 11 12 13 14 15 18 19 20 21 22 23 24 25 26 27 28 29 30 31 32 33 34 35 36 37 38 39 40 41 42 43 44 45 46 47 48 49 50 51 52 53 54 55 56 57 58 59 60 61 62 63 64 65 68 69 70 71 72 73 74 75 76 77 78 79 80 81 82 86 87 88 89 91 92 94 97 99 101 102 104 105 106 107 108 109 110 111 112 113 114 115 116 117 119 121 122 123 124 125 126 127 128 129 130 131 132 133 134 135 139 142 144 145 148 149 150 151 152 153 154 155 156 157 158 159 160 161 162 163 164 165 166 167 168 169 170 171 172 173 174 175 176 177 178 179 180 181 182 183 185 186 187 188 189 190 191 192 193 194 195 196 197 198 199 200 201 202 203 204 205 206 207 208 209 210 211 212 214 216 217 218 220 221 222 223 224 225 226 228 229 230 231 232 233 234 236 237 238 239 240 242 244 246 247 248 249 1219 2889 3276 3562 3676 3807 3892 4146 4147 
bank 16(A4) L: 220 of 4152 (5.30%)
4 5 6 7 8 9 10 11 12 13 14 15 16 17 18 19 20 21 22 23 24 25 26 27 28 29 30 31 32 33 34 35 36 37 38 39 40 41 42 43 44 45 46 47 48 49 50 51 52 53 54 55 56 57 58 59 60 61 62 63 66 67 68 69 70 71 72 73 74 75 76 77 78 79 80 81 82 84 85 89 91 92 95 97 99 100 101 102 103 105 107 108 109 110 111 112 113 114 116 117 118 119 120 121 122 123 124 125 126 127 128 129 130 131 132 133 134 135 136 137 138 139 140 141 142 143 144 145 146 147 148 149 150 151 152 153 154 155 156 157 158 159 160 161 162 164 165 166 167 168 170 171 172 173 174 175 176 177 178 179 180 181 182 183 184 185 186 188 189 190 191 192 193 194 195 196 197 198 199 200 201 202 204 205 206 208 210 212 214 215 216 218 219 220 221 222 224 225 226 227 228 230 231 232 234 235 236 237 424 739 741 768 1035 1312 1895 2432 3073 3762 4146 4147 
bank 16(A4) H: 214 of 4152 (5.15%)
4 5 6 7 8 9 10 11 12 13 14 15 16 17 18 19 20 21 22 23 24 25 26 27 28 29 30 31 32 33 34 35 36 37 38 39 40 41 42 43 44 45 46 47 48 49 50 51 52 53 54 55 56 57 58 59 60 61 62 63 66 67 68 69 70 71 72 73 74 75 76 77 78 79 80 81 82 84 85 89 91 92 95 97 99 100 101 102 103 105 107 108 109 110 111 112 113 114 116 117 118 119 120 121 122 123 124 125 126 127 128 129 130 131 132 133 134 135 136 137 138 139 140 141 142 143 144 145 146 147 148 149 150 151 152 153 154 155 156 157 158 159 160 161 162 164 165 166 167 168 170 171 172 173 174 175 176 177 178 179 180 181 182 183 184 185 186 188 189 190 191 192 193 194 195 196 197 198 199 200 201 202 204 205 206 208 210 212 214 215 216 218 219 220 221 222 224 225 226 227 228 230 231 232 234 235 236 237 2980 3181 3655 4144 4146 4147 
bank 17(B4) L: 207 of 4152 (4.99%)
4 5 6 7 8 9 10 11 12 13 14 15 16 17 18 19 20 21 22 23 24 25 26 27 28 29 30 31 32 33 34 35 36 37 38 39 40 41 42 43 44 45 46 47 48 49 50 51 52 53 54 55 56 57 58 59 60 61 62 63 66 67 68 69 70 71 72 73 74 75 76 77 78 79 81 86 89 91 93 94 95 97 100 103 105 106 108 111 112 115 117 118 119 120 121 123 125 126 127 128 129 130 131 132 133 135 136 137 138 139 141 143 144 146 147 148 149 150 151 152 153 154 155 156 157 158 159 160 161 162 163 164 165 166 167 168 169 170 171 172 173 174 175 176 177 178 179 180 181 182 183 184 185 186 187 188 189 190 191 192 193 195 196 197 198 199 200 202 204 207 208 210 211 212 213 214 216 217 218 219 221 223 224 225 226 227 228 229 230 231 232 234 236 238 240 241 242 244 245 261 299 401 608 2697 2701 4146 4147 
bank 17(B4) H: 199 of 4152 (4.79%)
4 5 6 7 8 9 10 11 12 13 14 15 16 17 18 19 20 21 22 23 24 25 26 27 28 29 30 31 32 33 34 35 36 37 38 39 40 41 42 43 44 45 46 47 48 49 50 51 52 53 54 55 56 57 58 59 60 61 62 63 66 67 68 69 70 71 72 73 74 75 76 77 78 79 81 86 89 94 95 97 100 103 105 106 108 111 112 117 118 119 120 121 125 126 127 128 129 130 131 132 133 135 136 137 138 139 144 146 147 148 149 150 151 152 153 154 155 156 157 158 159 160 161 162 163 164 165 166 167 168 169 170 171 172 173 174 175 176 177 178 179 180 181 182 183 184 185 186 187 188 189 190 191 192 193 196 197 198 199 200 202 204 208 210 211 212 213 214 216 217 218 219 224 225 226 227 228 229 230 231 232 234 236 238 240 241 242 244 245 370 421 853 1589 1827 2447 3671 3742 4146 4147 
bank 20(A5) L: 189 of 4152 (4.55%)
4 5 6 7 8 9 10 11 12 13 14 15 16 17 19 22 23 24 25 28 29 31 32 33 34 35 36 37 38 39 40 41 42 43 44 45 46 47 48 49 50 51 52 53 54 55 56 57 58 59 60 61 62 63 64 65 66 67 68 69 74 75 76 77 78 79 80 81 82 83 84 85 86 87 88 89 90 93 94 96 97 98 100 101 102 103 104 105 107 108 109 110 111 112 113 114 115 116 119 120 122 123 124 125 126 128 129 130 131 132 134 135 136 137 138 139 140 142 143 144 146 147 148 149 150 151 152 153 155 156 157 158 159 160 161 162 164 165 166 167 168 169 170 172 174 175 176 177 178 179 180 182 183 184 185 186 187 188 189 190 192 194 196 198 199 200 202 204 206 207 208 210 211 212 214 216 218 220 222 223 224 226 227 228 229 3593 4059 4146 4147 
bank 20(A5) H: 188 of 4152 (4.53%)
4 5 6 7 8 9 10 11 12 13 14 15 16 17 21 22 23 24 25 27 28 29 32 33 34 35 36 37 38 39 40 41 42 43 44 45 46 47 48 49 50 51 52 53 54 55 56 57 58 59 60 61 62 63 64 65 66 67 68 69 74 75 76 77 78 79 80 81 82 83 84 85 86 87 88 89 90 93 94 96 98 100 101 102 103 104 105 107 108 109 110 111 112 113 114 115 116 119 120 122 123 124 125 126 128 129 130 131 132 134 135 136 137 138 139 140 142 143 144 146 147 148 149 150 151 152 153 156 157 158 159 160 161 162 164 165 166 167 168 169 170 172 174 175 176 177 178 179 180 182 183 184 185 186 187 188 189 190 192 194 196 198 199 200 202 204 206 207 208 210 211 212 214 216 218 220 222 223 224 226 227 228 229 243 1127 2521 4146 4147 
bank 21(B5) L: 179 of 4152 (4.31%)
4 5 6 7 8 9 10 11 12 13 14 15 16 17 18 19 20 21 22 23 24 25 26 27 28 29 30 31 32 33 34 35 36 37 38 39 40 41 42 43 44 45 46 47 48 49 50 51 52 53 54 55 56 57 58 59 60 61 66 67 68 69 70 71 72 73 74 75 76 77 78 79 83 87 88 89 90 91 92 94 97 98 99 100 101 102 103 104 105 106 107 108 110 113 114 116 117 118 119 120 122 124 126 127 128 129 132 133 134 135 136 137 138 139 140 143 144 145 146 147 148 149 150 151 152 153 154 155 156 157 158 159 160 161 162 163 164 165 166 167 168 169 170 171 172 173 174 176 177 178 179 180 182 183 184 185 186 188 190 192 194 195 196 197 198 200 202 204 205 206 208 209 210 211 1616 1809 3503 4146 4147 
bank 21(B5) H: 184 of 4152 (4.43%)
4 5 6 7 8 9 10 11 12 13 14 15 16 17 18 19 20 21 22 23 24 25 26 27 28 29 30 31 32 33 34 35 36 37 38 39 40 41 42 43 44 45 46 47 48 49 50 51 52 53 54 55 56 57 58 59 60 61 66 67 68 69 70 71 72 73 74 75 76 77 78 79 83 87 88 89 90 91 92 94 97 98 99 100 101 102 103 104 105 106 107 108 110 113 114 116 117 118 119 120 122 124 126 127 128 129 132 133 134 135 136 137 138 139 140 143 144 145 146 147 148 149 150 151 152 153 154 155 156 157 158 159 160 161 162 163 164 165 166 167 168 169 170 171 172 173 174 176 177 178 179 180 182 183 184 185 186 188 190 192 194 195 196 197 198 200 202 204 205 206 208 209 210 211 643 883 1948 1974 3211 3285 3638 3652 4146 4147 
