list of initial bad blocks :

bank 0(A0) L: 14 of 4152 (0.34%)
4 5 6 7 8 9 10 11 140 425 2252 2666 4146 4147 
bank 0(A0) H: 20 of 4152 (0.48%)
4 5 6 7 8 9 10 11 315 395 397 673 1014 1222 1695 2032 3515 4016 4146 4147 
bank 1(B0) L: 24 of 4152 (0.58%)
4 5 6 8 10 11 12 13 14 15 37 86 129 183 218 557 2141 2291 2443 2779 2917 3886 4146 4147 
bank 1(B0) H: 24 of 4152 (0.58%)
4 5 6 8 10 11 12 13 14 15 86 129 183 218 1015 1017 1277 1751 2076 2706 2995 3827 4146 4147 
bank 4(A1) L: 17 of 4152 (0.41%)
4 5 6 7 8 13 90 1209 1562 1589 2022 2732 3292 3378 4046 4146 4147 
bank 4(A1) H: 13 of 4152 (0.31%)
4 5 6 7 801 824 2013 2711 2931 3035 3037 4146 4147 
bank 5(B1) L: 13 of 4152 (0.31%)
4 5 6 7 8 9 16 769 2063 2902 4008 4146 4147 
bank 5(B1) H: 15 of 4152 (0.36%)
4 5 6 7 8 9 1219 2889 3276 3562 3676 3807 3892 4146 4147 
bank 16(A4) L: 18 of 4152 (0.43%)
4 5 6 7 8 9 424 739 741 768 1035 1312 1895 2432 3073 3762 4146 4147 
bank 16(A4) H: 12 of 4152 (0.29%)
4 5 6 7 8 9 2980 3181 3655 4144 4146 4147 
bank 17(B4) L: 27 of 4152 (0.65%)
4 6 7 8 9 10 11 47 91 93 115 123 141 143 170 195 207 221 223 261 299 401 608 2697 2701 4146 4147 
bank 17(B4) H: 19 of 4152 (0.46%)
4 6 7 8 9 10 11 47 170 370 421 853 1589 1827 2447 3671 3742 4146 4147 
bank 20(A5) L: 15 of 4152 (0.36%)
5 6 7 8 9 10 11 19 31 155 220 3593 4059 4146 4147 
bank 20(A5) H: 15 of 4152 (0.36%)
5 6 7 8 9 10 11 21 27 220 243 1127 2521 4146 4147 
bank 21(B5) L: 15 of 4152 (0.36%)
4 5 6 7 8 9 54 116 169 200 1616 1809 3503 4146 4147 
bank 21(B5) H: 20 of 4152 (0.48%)
4 5 6 7 8 9 54 116 169 200 643 883 1948 1974 3211 3285 3638 3652 4146 4147 
