list of initial bad blocks :

bank 0(A0) L: 6 of 4152 (0.14%)
140 425 2252 2666 4146 4147 
bank 0(A0) H: 12 of 4152 (0.29%)
315 395 397 673 1014 1222 1695 2032 3515 4016 4146 4147 
bank 1(B0) L: 10 of 4152 (0.24%)
37 557 2141 2291 2443 2779 2917 3886 4146 4147 
bank 1(B0) H: 10 of 4152 (0.24%)
1015 1017 1277 1751 2076 2706 2995 3827 4146 4147 
bank 4(A1) L: 13 of 4152 (0.31%)
8 13 90 1209 1562 1589 2022 2732 3292 3378 4046 4146 4147 
bank 4(A1) H: 9 of 4152 (0.22%)
801 824 2013 2711 2931 3035 3037 4146 4147 
bank 5(B1) L: 7 of 4152 (0.17%)
16 769 2063 2902 4008 4146 4147 
bank 5(B1) H: 9 of 4152 (0.22%)
1219 2889 3276 3562 3676 3807 3892 4146 4147 
bank 16(A4) L: 12 of 4152 (0.29%)
424 739 741 768 1035 1312 1895 2432 3073 3762 4146 4147 
bank 16(A4) H: 6 of 4152 (0.14%)
2980 3181 3655 4144 4146 4147 
bank 17(B4) L: 18 of 4152 (0.43%)
91 93 115 123 141 143 195 207 221 223 261 299 401 608 2697 2701 4146 4147 
bank 17(B4) H: 10 of 4152 (0.24%)
370 421 853 1589 1827 2447 3671 3742 4146 4147 
bank 20(A5) L: 8 of 4152 (0.19%)
19 31 155 220 3593 4059 4146 4147 
bank 20(A5) H: 8 of 4152 (0.19%)
21 27 220 243 1127 2521 4146 4147 
bank 21(B5) L: 5 of 4152 (0.12%)
1616 1809 3503 4146 4147 
bank 21(B5) H: 10 of 4152 (0.24%)
643 883 1948 1974 3211 3285 3638 3652 4146 4147 
